16389
16391
16394
16396
16399
16401
16404
16406
16409
16411
16414
16416
16419
16421
16424
16426
16429
16431
16434
16436
16439
16441
16444
16446
16449
16451
16454
16456
16459
16461
16464
16466
16469
16471
16474
16476
16479
16481
16484
16486
16489
16491
16494
16496
16499
16501
16504
16506
16509
16511
16514
16516
16519
16521
16524
16526
16529
16531
16534
16536
16539
16541
16544
16546
16549
16551
16554
16556
16559
16561
16564
16566
16569
16571
16574
16576
16579
16581
16584
16586
16589
16591
16594
16596
16599
16601
16604
16606
16609
16611
16614
16616
16619
16621
16624
16626
16629
16631
16634
16636
